# As of today: 2020-12-18
# years       papers
1992              59
1993             489
1994            1029
1995            1659
1996            2418
1997            3576
1998            4745
1999            5638
2000            6341
2001            6806
2002            7027
2003            7899
2004            8242
2005            8746
2006            9271
2007           10141
2008           10089
2009           11287
2010           11616
2011           11954
2012           12122
2013           12474
2014           12585
2015           12898
2016           13216
2017           13263
2018           14081
2019           14419
2020           14383
