# As of today: 2020-12-18
# years       papers
1992             219
1993             687
1994            1323
1995            1823
1996            2545
1997            3534
1998            4636
1999            5488
2000            6023
2001            7024
2002            7762
2003            8367
2004            8953
2005            9234
2006            9243
2007            9415
2008           10281
2009           10304
2010           11189
2011           11735
2012           12184
2013           12746
2014           13108
2015           13930
2016           14615
2017           14392
2018           14752
2019           15228
2020           15604
