# As of today: 2020-12-18
# years       papers
1992             101
1993             421
1994             682
1995             738
1996             836
1997            1019
1998            1139
1999            1247
2000            1252
2001            1285
2002            1312
2003            1420
2004            1554
2005            1662
2006            1742
2007            1921
2008            1877
2009            1989
2010            2054
2011            2119
2012            2065
2013            2266
2014            2445
2015            2772
2016            2598
2017            2659
2018            2852
2019            3045
2020            3231
