# As of today: 2020-12-18
# years       papers
1992             755
1993            1762
1994            2502
1995            2992
1996            3314
1997            3615
1998            3806
1999            4075
2000            4124
2001            4223
2002            4243
2003            3963
2004            4136
2005            3915
2006            3949
2007            4013
2008            4158
2009            4217
2010            4214
2011            4630
2012            4598
2013            4625
2014            4625
2015            4938
2016            4755
2017            4505
2018            4586
2019            4576
2020            4396
