# As of today: 2020-12-18
# years       papers
1991             302
1992            1384
1993            2091
1994            2441
1995            2346
1996            2626
1997            2686
1998            2774
1999            2826
2000            3145
2001            3182
2002            3334
2003            3276
2004            3357
2005            3239
2006            3295
2007            3438
2008            3334
2009            3384
2010            3371
2011            3331
2012            3348
2013            3363
2014            3616
2015            3714
2016            3601
2017            3559
2018            3669
2019            3824
2020            3649
