# As of today: 2020-12-18
# years       papers
1991               4
1992             322
1993             374
1994             446
1995             436
1996             558
1997             548
1998             623
1999             588
2000             508
2001             575
2002             583
2003             575
2004             586
2005             663
2006             504
2007             607
2008             509
2009             527
2010             573
2011             592
2012             596
2013             726
2014             589
2015             624
2016             541
2017             649
2018             518
2019             476
2020             408
