# As of today: 2020-12-18
# years       papers
1994              67
1995             158
1996             166
1997             325
1998             407
1999             667
2000             736
2001             817
2002             798
2003             771
2004             885
2005             854
2006             848
2007             863
2008             919
2009             865
2010             698
2011            1112
2012            1098
2013             945
2014             923
2015             851
2016             780
2017             876
2018             827
2019             813
2020             612
