# As of today: 2020-12-18
# years       papers
1992               0
1993               0
1994               0
1995               0
1996               0
1997               0
1998             232
1999             407
2000             521
2001             489
2002             703
2003             747
2004             874
2005             951
2006             937
2007            1169
2008            1261
2009            1459
2010            1575
2011            1776
2012            1992
2013            1770
2014            1639
2015            1616
2016            1485
2017            1465
2018            1397
2019            1477
2020            1328
