# As of today: 2020-12-18
# years       papers
1991               0
1992               0
1993               0
1994               0
1995               0
1996               0
1997               0
1998               2
1999               4
2000             670
2001             676
2002             735
2003             715
2004             760
2005             766
2006             835
2007             728
2008             763
2009             720
2010             736
2011             767
2012             837
2013             890
2014             835
2015             793
2016             810
2017             870
2018             755
2019             824
2020             851
