# As of today: 2020-12-18
# years       papers
1994               4
1995              24
1996              57
1997              69
1998             110
1999             174
2000             174
2001             245
2002             295
2003             323
2004             474
2005             460
2006             441
2007             557
2008             546
2009             569
2010             434
2011             561
2012             572
2013             531
2014             486
2015             505
2016             449
2017             440
2018             505
2019             472
2020             496
