# As of today: 2020-12-18
# years       papers
1992              49
1993             302
1994             390
1995             517
1996             652
1997             806
1998             977
1999            1035
2000             973
2001             941
2002            1046
2003            1156
2004            1142
2005            1064
2006            1049
2007            1114
2008            1044
2009            1125
2010            1200
2011            1244
2012            1257
2013            1295
2014            1241
2015            1258
2016            1378
2017            1268
2018            1254
2019            1247
2020            1206
