# As of today: 2020-12-18
# years       papers
1994               1
1995               0
1996              72
1997             445
1998             589
1999             743
2000            1143
2001            1225
2002            1223
2003            1619
2004            2086
2005            2759
2006            3157
2007            3555
2008            3913
2009            4482
2010            4870
2011            5559
2012            6535
2013            7506
2014            7926
2015            8720
2016            9668
2017           10559
2018           12535
2019           13229
2020           14816
