# As of today: 2020-12-18
# years       papers
1992               0
1993               0
1994              12
1995             332
1996             465
1997             689
1998            1021
1999            1275
2000            1516
2001            1910
2002            2175
2003            2438
2004            2605
2005            2859
2006            2959
2007            3034
2008            3064
2009            3311
2010            3371
2011            3592
2012            3769
2013            4049
2014            4356
2015            4557
2016            4740
2017            4998
2018            5204
2019            5558
2020            6089
